0.0225  825743
0.0235  1.203427e+6
0.0245  1.651534e+6
0.0255  2.157668e+6
0.0265  2.706051e+6
0.0275  3.292233e+6
0.0285  3.888321e+6
0.0295  4.464943e+6
0.0305  5.031219e+6
0.0315  5.570042e+6
0.0325  6.078777e+6
0.0335  6.553528e+6
0.0345  6.987055e+6
0.0355  7.365204e+6
0.0365  7.703278e+6
0.0375  8.001103e+6
0.0385  8.253989e+6
0.0395  8.464214e+6
0.0405  8.641101e+6
0.0415  8.788245e+6
0.0425  8.899732e+6
0.0435  8.983182e+6
0.0445  9.037769e+6
0.0455  9.071194e+6
0.0465  9.080805e+6
0.0475  9.071122e+6
0.0485  9.046494e+6
0.0495  9.006641e+6
0.0505  8.954865e+6
0.0515  8.884791e+6
0.0525  8.806309e+6
0.0535  8.723506e+6
0.0545  8.638108e+6
0.0555  8.539144e+6
0.0565  8.431951e+6
0.0575  8.328065e+6
0.0585  5.137408e+7
0.0595  8.367775e+7
0.0605  7.990150e+6
0.0615  7.870615e+6
0.0625  7.749642e+6
0.0635  7.632863e+6
0.0645  7.511110e+6
0.0655  7.388833e+6
0.0665  7.270164e+6
0.0675  3.290620e+7
0.0685  7.031762e+6
0.0695  1.366611e+7
0.0705  5.669036e+6
0.0715  5.602219e+6
0.0725  5.540187e+6
0.0735  5.477609e+6
0.0745  5.412344e+6
0.0755  5.346105e+6
0.0765  5.278481e+6
0.0775  5.211810e+6
0.0785  5.143498e+6
0.0795  5.074502e+6
0.0805  5.005892e+6
0.0815  4.938596e+6
0.0825  4.869837e+6
0.0835  4.800777e+6
0.0845  4.731923e+6
0.0855  4.663571e+6
0.0865  4.596625e+6
0.0875  4.529307e+6
0.0885  4.461711e+6
0.0895  4.395564e+6
0.0905  4.330706e+6
0.0915  4.264984e+6
0.0925  4.200376e+6
0.0935  4.136230e+6
0.0945  4.073638e+6
0.0955  4.011687e+6
0.0965  3.949045e+6
0.0975  3.887843e+6
0.0985  3.827748e+6
0.0995  3.769060e+6
0.1005  3.710133e+6
0.1015  3.651956e+6
0.1025  3.594530e+6
0.1035  3.538361e+6
0.1045  3.483146e+6
0.1055  3.427785e+6
0.1065  3.373367e+6
0.1075  3.319843e+6
0.1085  3.267569e+6
0.1095  3.215324e+6
0.1105  3.164176e+6
0.1115  3.113840e+6
0.1125  3.064123e+6
0.1135  3.014816e+6
0.1145  2.966067e+6
0.1155  2.918576e+6
0.1165  2.871809e+6
0.1175  2.825749e+6
0.1185  2.779667e+6
0.1195  2.734752e+6
0.1205  2.690371e+6
0.1215  2.646778e+6
0.1225  2.603888e+6
0.1235  2.561111e+6
0.1245  2.519271e+6
0.1255  2.478085e+6
0.1265  2.437658e+6
0.1275  2.397683e+6
0.1285  2.358120e+6
0.1295  2.319200e+6
0.1305  2.280827e+6
0.1315  2.243217e+6
0.1325  2.205993e+6
0.1335  2.168908e+6
0.1345  2.132701e+6
0.1355  2.097214e+6
0.1365  2.061667e+6
0.1375  2.026997e+6
0.1385  1.992818e+6
0.1395  1.959339e+6
0.1405  1.926240e+6
0.1415  1.893056e+6
0.1425  1.860586e+6
0.1435  1.828990e+6
0.1445  1.797819e+6
0.1455  1.766178e+6
0.1465  1.735488e+6
0.1475  1.705351e+6
0.1485  1.675603e+6
0.1495  1.646094e+6
0.1505  1.616828e+6
0.1515  1.588114e+6
0.1525  1.559890e+6
0.1535  1.532300e+6
0.1545  1.504433e+6
0.1555  1.476930e+6
0.1565  1.450242e+6
0.1575  1.424002e+6
0.1585  1.397724e+6
0.1595  1.371552e+6
0.1605  1.345680e+6
0.1615  1.320704e+6
0.1625  1.296014e+6
0.1635  1.270909e+6
0.1645  1.246506e+6
0.1655  1.222631e+6
0.1665  1.198947e+6
0.1675  1.175319e+6
0.1685  1.151895e+6
0.1695  1.128738e+6
0.1705  1.106249e+6
0.1715  1.083875e+6
0.1725  1.061297e+6
0.1735  1.039261e+6
0.1745  1.017500e+6
0.1755  996061
0.1765  974760.3
0.1775  953594.1
0.1785  932566.9
0.1795  911908.7
0.1805  891579.2
0.1815  871183.9
0.1825  850948.7
0.1835  831121.1
0.1845  811634.7
0.1855  791902.1
0.1865  772361.2
0.1875  753075.7
0.1885  734121.3
0.1895  715212.7
0.1905  696102.5
0.1915  677421.2
0.1925  659055.4
0.1935  640860.4
0.1945  622252.4
0.1955  603921.3
0.1965  585906.7
0.1975  568089
0.1985  550155.4
0.1995  532058.6
0.2005  514265
0.2015  496668.5
0.2025  479379.1
0.2035  461449
0.2045  443730.1
0.2055  426246.2
0.2065  409009
0.2075  391592.9
0.2085  373816.8
0.2095  356267.9
0.2105  338966.9
0.2115  321972.4
0.2125  302827.3
0.2135  283902.6
0.2145  265306.8
0.2155  247007.8
0.2165  228825.7
0.2175  210593.6
0.2185  192628.6
0.2195  174977.1
0.2205  157632.5
0.2215  121689
0.2225  86179.12
0.2235  51261.44
0.2245  16942.29
0.225   0