1.000E-03 0.0
2.000E-03 0.0
3.000E-03 0.0
4.000E-03 0.0
5.000E-03 0.0
6.000E-03 0.0
7.000E-03 0.0
8.000E-03 0.0
9.000E-03 0.0
1.000E-02 0.0
1.100E-02 0.0
1.200E-02 0.0
1.300E-02 0.0
1.400E-02 0.0
1.500E-02 0.0
1.600E-02 0.0
1.700E-02 0.0
1.800E-02 0.0
1.900E-02 0.0
2.000E-02 0.0
2.100E-02 0.0
2.200E-02 0.0
2.300E-02 0.0
2.400E-02 0.0
2.500E-02 0.0
2.600E-02 0.0
2.700E-02 0.0
2.800E-02 0.0
2.900E-02 0.0
3.000E-02 0.0
3.100E-02 0.0
3.200E-02 0.0
3.300E-02 0.0
3.400E-02 0.0
3.500E-02 0.0
3.600E-02 0.0
3.700E-02 0.0
3.800E-02 0.0
3.900E-02 0.0
4.000E-02 0.0
4.100E-02 0.0
4.200E-02 0.0
4.300E-02 0.0
4.400E-02 0.0
4.500E-02 0.0
4.600E-02 0.0
4.700E-02 0.0
4.800E-02 0.0
4.900E-02 0.0
5.000E-02 0.0
5.100E-02 0.0
5.200E-02 0.0
5.300E-02 0.0
5.400E-02 0.0
5.500E-02 0.0
5.600E-02 0.0
5.700E-02 0.0
5.800E-02 0.0
5.900E-02 0.0
6.000E-02 0.0
6.100E-02 0.0
6.200E-02 0.0
6.300E-02 0.0
6.400E-02 0.0
6.500E-02 0.0
6.600E-02 0.0
6.700E-02 0.0
6.800E-02 0.0
6.900E-02 0.0
7.000E-02 0.0
7.100E-02 0.0
7.200E-02 0.0
7.300E-02 0.0
7.400E-02 0.0
7.500E-02 0.0
7.600E-02 0.0
7.700E-02 0.0
7.800E-02 0.0
7.900E-02 0.0
8.000E-02 0.0
8.100E-02 0.0
8.200E-02 0.0
8.300E-02 0.0
8.400E-02 0.0
8.500E-02 0.0
8.600E-02 0.0
8.700E-02 0.0
8.800E-02 0.0
8.900E-02 0.0
9.000E-02 0.0
9.100E-02 0.0
9.200E-02 0.0
9.300E-02 0.0
9.400E-02 0.0
9.500E-02 0.0
9.600E-02 0.0
9.700E-02 0.0
9.800E-02 0.0
9.900E-02 0.0
1.000E-01 0.0
1.010E-01 0.0
1.020E-01 0.0
1.030E-01 0.0
1.040E-01 0.0
1.050E-01 0.0
1.060E-01 0.0
1.070E-01 0.0
1.080E-01 0.0
1.090E-01 0.0
1.100E-01 0.0
1.110E-01 0.0
1.120E-01 0.0
1.130E-01 0.0
1.140E-01 0.0
1.150E-01 0.0
1.160E-01 0.0
1.170E-01 0.0
1.180E-01 0.0
1.190E-01 0.0
1.200E-01 0.0
1.210E-01 0.0
1.220E-01 0.0
1.230E-01 0.0
1.240E-01 0.0
1.250E-01 0.0
1.260E-01 0.0
1.270E-01 0.0
1.280E-01 0.0
1.290E-01 0.0
1.300E-01 0.0
1.310E-01 0.0
1.320E-01 0.0
1.330E-01 0.0
1.340E-01 0.0
1.350E-01 0.0
1.360E-01 0.0
1.370E-01 0.0
1.380E-01 0.0
1.390E-01 0.0
1.400E-01 0.0
1.410E-01 0.0
1.420E-01 0.0
1.430E-01 0.0
1.440E-01 0.0
1.450E-01 0.0
1.460E-01 0.0
1.470E-01 0.0
1.480E-01 0.0
1.490E-01 0.0
1.500E-01 0.0
1.510E-01 0.0
1.520E-01 0.0
1.530E-01 0.0
1.540E-01 0.0
1.550E-01 0.0
1.560E-01 0.0
1.570E-01 0.0
1.580E-01 0.0
1.590E-01 0.0
1.600E-01 0.0
1.610E-01 0.0
1.620E-01 0.0
1.630E-01 0.0
1.640E-01 0.0
1.650E-01 0.0
1.660E-01 0.0
1.670E-01 0.0
1.680E-01 0.0
1.690E-01 0.0
1.700E-01 0.0
1.710E-01 0.0
1.720E-01 0.0
1.730E-01 0.0
1.740E-01 0.0
1.750E-01 0.0
1.760E-01 0.0
1.770E-01 0.0
1.780E-01 0.0
1.790E-01 0.0
1.800E-01 0.0
1.810E-01 0.0
1.820E-01 0.0
1.830E-01 0.0
1.840E-01 0.0
1.850E-01 0.0
1.860E-01 0.0
1.870E-01 0.0
1.880E-01 0.0
1.890E-01 0.0
1.900E-01 0.0
1.910E-01 0.0
1.920E-01 0.0
1.930E-01 0.0
1.940E-01 0.0
1.950E-01 0.0
1.960E-01 0.0
1.970E-01 0.0
1.980E-01 0.0
1.990E-01 0.0
2.000E-01 0.0
2.010E-01 0.0
2.020E-01 0.0
2.030E-01 0.0
2.040E-01 0.0
2.050E-01 0.0
2.060E-01 0.0
2.070E-01 0.0
2.080E-01 0.0
2.090E-01 0.0
2.100E-01 0.0
2.110E-01 0.0
2.120E-01 0.0
2.130E-01 0.0
2.140E-01 0.0
2.150E-01 0.0
2.160E-01 0.0
2.170E-01 0.0
2.180E-01 0.0
2.190E-01 0.0
2.200E-01 0.0
2.210E-01 0.0
2.220E-01 0.0
2.230E-01 0.0
2.240E-01 0.0
2.250E-01 0.0