1.000E-03 1.183E+03
2.000E-03 2.261E+03
3.000E-03 7.866E+02
4.000E-03 3.592E+02
5.000E-03 1.923E+02
6.000E-03 1.143E+02
7.000E-03 7.324E+01
8.000E-03 4.960E+01
9.000E-03 3.506E+01
1.000E-02 2.566E+01
1.100E-02 1.933E+01
1.200E-02 1.491E+01
1.300E-02 1.173E+01
1.400E-02 9.397E+00
1.500E-02 7.641E+00
1.600E-02 6.298E+00
1.700E-02 5.252E+00
1.800E-02 4.428E+00
1.900E-02 3.769E+00
2.000E-02 3.237E+00
2.100E-02 2.803E+00
2.200E-02 2.445E+00
2.300E-02 2.148E+00
2.400E-02 1.900E+00
2.500E-02 1.690E+00
2.600E-02 1.512E+00
2.700E-02 1.360E+00
2.800E-02 1.229E+00
2.900E-02 1.116E+00
3.000E-02 1.019E+00
3.100E-02 9.334E-01
3.200E-02 8.588E-01
3.300E-02 7.932E-01
3.400E-02 7.353E-01
3.500E-02 6.841E-01
3.600E-02 6.386E-01
3.700E-02 5.980E-01
3.800E-02 5.617E-01
3.900E-02 5.291E-01
4.000E-02 4.998E-01
4.100E-02 4.734E-01
4.200E-02 4.496E-01
4.300E-02 4.279E-01
4.400E-02 4.083E-01
4.500E-02 3.904E-01
4.600E-02 3.741E-01
4.700E-02 3.591E-01
4.800E-02 3.455E-01
4.900E-02 3.329E-01
5.000E-02 3.214E-01
5.100E-02 3.107E-01
5.200E-02 3.009E-01
5.300E-02 2.918E-01
5.400E-02 2.834E-01
5.500E-02 2.756E-01
5.600E-02 2.683E-01
5.700E-02 2.616E-01
5.800E-02 2.553E-01
5.900E-02 2.494E-01
6.000E-02 2.440E-01
6.100E-02 2.388E-01
6.200E-02 2.340E-01
6.300E-02 2.295E-01
6.400E-02 2.253E-01
6.500E-02 2.213E-01
6.600E-02 2.175E-01
6.700E-02 2.140E-01
6.800E-02 2.106E-01
6.900E-02 2.075E-01
7.000E-02 2.045E-01
7.100E-02 2.017E-01
7.200E-02 1.990E-01
7.300E-02 1.964E-01
7.400E-02 1.940E-01
7.500E-02 1.917E-01
7.600E-02 1.895E-01
7.700E-02 1.874E-01
7.800E-02 1.854E-01
7.900E-02 1.835E-01
8.000E-02 1.817E-01
8.100E-02 1.800E-01
8.200E-02 1.783E-01
8.300E-02 1.767E-01
8.400E-02 1.752E-01
8.500E-02 1.737E-01
8.600E-02 1.723E-01
8.700E-02 1.710E-01
8.800E-02 1.697E-01
8.900E-02 1.684E-01
9.000E-02 1.672E-01
9.100E-02 1.661E-01
9.200E-02 1.649E-01
9.300E-02 1.638E-01
9.400E-02 1.628E-01
9.500E-02 1.618E-01
9.600E-02 1.608E-01
9.700E-02 1.599E-01
9.800E-02 1.589E-01
9.900E-02 1.580E-01
1.000E-01 1.572E-01
1.010E-01 1.563E-01
1.020E-01 1.555E-01
1.030E-01 1.547E-01
1.040E-01 1.540E-01
1.050E-01 1.532E-01
1.060E-01 1.525E-01
1.070E-01 1.518E-01
1.080E-01 1.511E-01
1.090E-01 1.504E-01
1.100E-01 1.498E-01
1.110E-01 1.491E-01
1.120E-01 1.485E-01
1.130E-01 1.479E-01
1.140E-01 1.473E-01
1.150E-01 1.467E-01
1.160E-01 1.461E-01
1.170E-01 1.456E-01
1.180E-01 1.450E-01
1.190E-01 1.445E-01
1.200E-01 1.440E-01
1.210E-01 1.434E-01
1.220E-01 1.429E-01
1.230E-01 1.424E-01
1.240E-01 1.420E-01
1.250E-01 1.415E-01
1.260E-01 1.410E-01
1.270E-01 1.405E-01
1.280E-01 1.401E-01
1.290E-01 1.397E-01
1.300E-01 1.392E-01
1.310E-01 1.388E-01
1.320E-01 1.384E-01
1.330E-01 1.379E-01
1.340E-01 1.375E-01
1.350E-01 1.371E-01
1.360E-01 1.367E-01
1.370E-01 1.363E-01
1.380E-01 1.360E-01
1.390E-01 1.356E-01
1.400E-01 1.352E-01
1.410E-01 1.348E-01
1.420E-01 1.345E-01
1.430E-01 1.341E-01
1.440E-01 1.338E-01
1.450E-01 1.334E-01
1.460E-01 1.331E-01
1.470E-01 1.327E-01
1.480E-01 1.324E-01
1.490E-01 1.321E-01
1.500E-01 1.317E-01
1.510E-01 1.314E-01
1.520E-01 1.311E-01
1.530E-01 1.308E-01
1.540E-01 1.304E-01
1.550E-01 1.301E-01
1.560E-01 1.298E-01
1.570E-01 1.295E-01
1.580E-01 1.292E-01
1.590E-01 1.289E-01
1.600E-01 1.286E-01