1.000E-03 2.210E+03
2.000E-03 3.017E+02
3.000E-03 8.971E+01
4.000E-03 3.732E+01
5.000E-03 1.876E+01
6.000E-03 1.065E+01
7.000E-03 6.601E+00
8.000E-03 4.366E+00
9.000E-03 3.042E+00
1.000E-02 2.211E+00
1.100E-02 1.666E+00
1.200E-02 1.296E+00
1.300E-02 1.035E+00
1.400E-02 8.479E-01
1.500E-02 7.096E-01
1.600E-02 6.056E-01
1.700E-02 5.261E-01
1.800E-02 4.644E-01
1.900E-02 4.159E-01
2.000E-02 3.772E-01
2.100E-02 3.460E-01
2.200E-02 3.207E-01
2.300E-02 2.998E-01
2.400E-02 2.825E-01
2.500E-02 2.681E-01
2.600E-02 2.559E-01
2.700E-02 2.455E-01
2.800E-02 2.367E-01
2.900E-02 2.291E-01
3.000E-02 2.225E-01
3.100E-02 2.168E-01
3.200E-02 2.118E-01
3.300E-02 2.074E-01
3.400E-02 2.034E-01
3.500E-02 2.000E-01
3.600E-02 1.969E-01
3.700E-02 1.941E-01
3.800E-02 1.915E-01
3.900E-02 1.893E-01
4.000E-02 1.872E-01
4.100E-02 1.853E-01
4.200E-02 1.835E-01
4.300E-02 1.819E-01
4.400E-02 1.805E-01
4.500E-02 1.791E-01
4.600E-02 1.778E-01
4.700E-02 1.766E-01
4.800E-02 1.754E-01
4.900E-02 1.744E-01
5.000E-02 1.734E-01
5.100E-02 1.724E-01
5.200E-02 1.715E-01
5.300E-02 1.706E-01
5.400E-02 1.698E-01
5.500E-02 1.690E-01
5.600E-02 1.683E-01
5.700E-02 1.675E-01
5.800E-02 1.668E-01
5.900E-02 1.662E-01
6.000E-02 1.655E-01
6.100E-02 1.649E-01
6.200E-02 1.643E-01
6.300E-02 1.637E-01
6.400E-02 1.631E-01
6.500E-02 1.625E-01
6.600E-02 1.620E-01
6.700E-02 1.614E-01
6.800E-02 1.609E-01
6.900E-02 1.604E-01
7.000E-02 1.599E-01
7.100E-02 1.594E-01
7.200E-02 1.589E-01
7.300E-02 1.584E-01
7.400E-02 1.580E-01
7.500E-02 1.575E-01
7.600E-02 1.570E-01
7.700E-02 1.566E-01
7.800E-02 1.562E-01
7.900E-02 1.557E-01
8.000E-02 1.553E-01
8.100E-02 1.549E-01
8.200E-02 1.545E-01
8.300E-02 1.540E-01
8.400E-02 1.536E-01
8.500E-02 1.532E-01
8.600E-02 1.528E-01
8.700E-02 1.524E-01
8.800E-02 1.520E-01
8.900E-02 1.517E-01
9.000E-02 1.513E-01
9.100E-02 1.509E-01
9.200E-02 1.505E-01
9.300E-02 1.501E-01
9.400E-02 1.498E-01
9.500E-02 1.494E-01
9.600E-02 1.491E-01
9.700E-02 1.487E-01
9.800E-02 1.483E-01
9.900E-02 1.480E-0
1.000E-01 1.476E-01
1.010E-01 1.473E-01
1.020E-01 1.469E-01
1.030E-01 1.466E-01
1.040E-01 1.463E-01
1.050E-01 1.459E-01
1.060E-01 1.456E-01
1.070E-01 1.453E-01
1.080E-01 1.449E-01
1.090E-01 1.446E-01
1.100E-01 1.443E-01
1.110E-01 1.440E-01
1.120E-01 1.437E-01
1.130E-01 1.433E-01
1.140E-01 1.430E-01
1.150E-01 1.427E-01
1.160E-01 1.424E-01
1.170E-01 1.421E-01
1.180E-01 1.418E-01
1.190E-01 1.415E-01
1.200E-01 1.412E-01
1.210E-01 1.409E-01
1.220E-01 1.406E-01
1.230E-01 1.403E-01
1.240E-01 1.400E-01
1.250E-01 1.397E-01
1.260E-01 1.394E-01
1.270E-01 1.391E-01
1.280E-01 1.389E-01
1.290E-01 1.386E-01
1.300E-01 1.383E-01
1.310E-01 1.380E-01
1.320E-01 1.377E-01
1.330E-01 1.375E-01
1.340E-01 1.372E-01
1.350E-01 1.369E-01
1.360E-01 1.366E-01
1.370E-01 1.364E-01
1.380E-01 1.361E-01
1.390E-01 1.358E-01
1.400E-01 1.356E-01
1.410E-01 1.353E-01
1.420E-01 1.350E-01
1.430E-01 1.348E-01
1.440E-01 1.345E-01
1.450E-01 1.343E-01
1.460E-01 1.340E-01
1.470E-01 1.337E-01
1.480E-01 1.335E-01
1.490E-01 1.332E-01
1.500E-01 1.330E-01
1.510E-01 1.327E-01
1.520E-01 1.325E-01
1.530E-01 1.322E-01
1.540E-01 1.320E-01
1.550E-01 1.318E-01
1.560E-01 1.315E-01
1.570E-01 1.313E-01
1.580E-01 1.310E-01
1.590E-01 1.308E-01
1.600E-01 1.306E-01