0.036  0.000
0.040  0.045
0.042  0.082
0.043  0.126
0.045  0.165
0.046  0.211
0.047  0.270
0.048  0.329
0.049  0.401
0.050  0.484
0.052  0.559
0.053  0.638
0.054  0.730
0.055  0.825
0.056  0.918
0.057  0.989
0.058  4.651
0.059  1.178
0.060  8.106
0.061  1.306
0.062  1.343
0.063  1.443
0.064  1.539
0.065  1.639
0.066  1.699
0.068  4.907
0.069  1.890
0.070  3.225
0.071  1.159
0.072  1.196
0.073  1.222
0.074  1.272
0.075  1.327
0.076  1.388
0.077  1.465
0.078  1.520
0.080  1.561
0.081  1.621
0.082  1.678
0.083  1.742
0.084  1.770
0.085  1.810
0.087  1.841
0.088  1.880
0.089  1.929
0.090  1.956
0.091  1.994
0.092  2.054
0.093  2.049
0.095  2.110
0.096  2.125
0.097  2.137
0.098  2.164
0.099  2.193
0.100  2.236
0.102  2.263
0.103  2.255
0.104  2.284
0.105  2.277
0.106  2.285
0.107  2.291
0.108  2.364
0.109  2.333
0.110  2.327
0.111  2.357
0.112  2.355
0.113  2.354
0.115  2.345
0.116  2.364
0.117  2.382
0.118  2.373
0.119  2.367
0.120  2.362
0.122  2.389
0.123  2.385
0.124  2.365
0.125  2.343
0.126  2.351
0.127  2.363
0.128  2.326
0.129  2.345
0.130  2.308
0.131  2.381
0.132  2.307
0.133  2.294
0.134  2.308
0.135  2.271
0.136  2.253
0.137  2.290
0.138  2.241
0.139  2.223
0.140  2.176
0.141  2.196
0.143  2.198
0.144  2.183
0.145  2.146
0.146  2.168
0.147  2.123
0.148  2.104
0.150  2.096
0.151  2.051
0.152  2.051
0.153  1.960
0.154  1.996
0.155  1.960
0.156  1.941
0.157  1.857
0.158  1.865
0.160  1.880
0.161  1.823
0.162  1.808
0.163  1.831
0.164  1.740
0.165  1.740
0.167  1.648
0.168  1.685
0.169  1.670
0.170  1.612
0.171  1.612
0.172  1.630
0.174  1.543
0.175  1.491
0.176  1.477
0.177  1.439
0.178  1.420
0.180  1.435
0.181  1.355
0.182  1.330
0.183  1.335
0.184  1.281
0.185  1.225
0.186  1.202
0.187  1.157
0.189  1.167
0.190  1.108
0.191  1.051
0.192  1.081
0.193  1.011
0.194  0.989
0.195  0.963
0.197  0.935
0.198  0.916
0.199  0.852
0.200  0.830
0.201  0.763
0.202  0.748
0.204  0.726
0.205  0.696
0.206  0.674
0.207  0.609
0.208  0.587
0.209  0.569
0.210  0.513
0.213  0.449
0.214  0.379
0.215  0.342
0.216  0.308
0.217  0.268
0.219  0.226
0.220  0.165
0.222  0.124
0.223  0.076
0.225  0.000
