1.000E-03 9.225E+03
2.000E-03 2.106E+03
3.000E-03 7.814E+02
4.000E-03 3.779E+02
5.000E-03 5.246E+02
6.000E-03 6.405E+02
7.000E-03 4.293E+02
8.000E-03 3.036E+02
9.000E-03 2.224E+02
1.000E-02 1.683E+02
1.100E-02 1.301E+02
1.200E-02 1.028E+02
1.300E-02 8.283E+01
1.400E-02 6.781E+01
1.500E-02 5.628E+01
1.600E-02 4.713E+01
1.700E-02 3.989E+01
1.800E-02 3.409E+01
1.900E-02 2.938E+01
2.000E-02 2.552E+01
2.100E-02 2.228E+01
2.200E-02 1.957E+01
2.300E-02 1.730E+01
2.400E-02 1.537E+01
2.500E-02 1.372E+01
2.600E-02 1.231E+01
2.700E-02 1.108E+01
2.800E-02 1.002E+01
2.900E-02 9.096E+00
3.000E-02 8.283E+00
3.100E-02 7.560E+00
3.200E-02 6.920E+00
3.300E-02 6.353E+00
3.400E-02 1.927E+01
3.500E-02 1.786E+01
3.600E-02 2.965E+01
3.700E-02 2.759E+01
3.800E-02 2.572E+01
3.900E-02 2.402E+01
4.000E-02 2.247E+01
4.100E-02 2.107E+01
4.200E-02 1.978E+01
4.300E-02 1.860E+01
4.400E-02 1.752E+01
4.500E-02 1.652E+01
4.600E-02 1.560E+01
4.700E-02 1.474E+01
4.800E-02 1.395E+01
4.900E-02 1.321E+01
5.000E-02 1.252E+01
5.100E-02 1.187E+01
5.200E-02 1.127E+01
5.300E-02 1.071E+01
5.400E-02 1.019E+01
5.500E-02 9.693E+00
5.600E-02 9.232E+00
5.700E-02 8.800E+00
5.800E-02 8.395E+00
5.900E-02 8.014E+00
6.000E-02 7.657E+00
6.100E-02 7.322E+00
6.200E-02 7.006E+00
6.300E-02 6.709E+00
6.400E-02 6.429E+00
6.500E-02 6.164E+00
6.600E-02 5.915E+00
6.700E-02 5.679E+00
6.800E-02 5.456E+00
6.900E-02 5.244E+00
7.000E-02 5.044E+00
7.100E-02 4.854E+00
7.200E-02 4.674E+00
7.300E-02 4.502E+00
7.400E-02 4.340E+00
7.500E-02 4.185E+00
7.600E-02 4.038E+00
7.700E-02 3.897E+00
7.800E-02 3.764E+00
7.900E-02 3.636E+00
8.000E-02 3.514E+00
8.100E-02 3.398E+00
8.200E-02 3.287E+00
8.300E-02 3.181E+00
8.400E-02 3.080E+00
8.500E-02 2.983E+00
8.600E-02 2.890E+00
8.700E-02 2.801E+00
8.800E-02 2.716E+00
8.900E-02 2.634E+00
9.000E-02 2.556E+00
9.100E-02 2.481E+00
9.200E-02 2.409E+00
9.300E-02 2.340E+00
9.400E-02 2.273E+00
9.500E-02 2.209E+00
9.600E-02 2.148E+00
9.700E-02 2.089E+00
9.800E-02 2.032E+00
9.900E-02 1.978E+00
1.000E-01 1.925E+00
1.010E-01 1.875E+00
1.020E-01 1.826E+00
1.030E-01 1.779E+00
1.040E-01 1.734E+00
1.050E-01 1.690E+00
1.060E-01 1.648E+00
1.070E-01 1.608E+00
1.080E-01 1.568E+00
1.090E-01 1.531E+00
1.100E-01 1.494E+00
1.110E-01 1.459E+00
1.120E-01 1.425E+00
1.130E-01 1.392E+00
1.140E-01 1.360E+00
1.150E-01 1.329E+00
1.160E-01 1.299E+00
1.170E-01 1.270E+00
1.180E-01 1.242E+00
1.190E-01 1.215E+00
1.200E-01 1.189E+00
1.210E-01 1.164E+00
1.220E-01 1.139E+00
1.230E-01 1.115E+00
1.240E-01 1.092E+00
1.250E-01 1.070E+00
1.260E-01 1.048E+00
1.270E-01 1.027E+00
1.280E-01 1.006E+00
1.290E-01 9.863E-01
1.300E-01 9.670E-01
1.310E-01 9.482E-01
1.320E-01 9.300E-01
1.330E-01 9.123E-01
1.340E-01 8.951E-01
1.350E-01 8.784E-01
1.360E-01 8.621E-01
1.370E-01 8.463E-01
1.380E-01 8.310E-01
1.390E-01 8.160E-01
1.400E-01 8.015E-01
1.410E-01 7.873E-01
1.420E-01 7.736E-01
1.430E-01 7.602E-01
1.440E-01 7.471E-01
1.450E-01 7.344E-01
1.460E-01 7.220E-01
1.470E-01 7.099E-01
1.480E-01 6.982E-01
1.490E-01 6.867E-01
1.500E-01 6.755E-01
1.510E-01 6.646E-01
1.520E-01 6.540E-01
1.530E-01 6.437E-01
1.540E-01 6.336E-01
1.550E-01 6.237E-01
1.560E-01 6.141E-01
1.570E-01 6.047E-01
1.580E-01 5.955E-01
1.590E-01 5.866E-01
1.600E-01 5.779E-01
1.610E-01 5.693E-01
1.620E-01 5.610E-01
1.630E-01 5.529E-01
1.640E-01 5.449E-01
1.650E-01 5.372E-01
1.660E-01 5.296E-01
1.670E-01 5.222E-01
1.680E-01 5.149E-01
1.690E-01 5.078E-01
1.700E-01 5.009E-01
1.710E-01 4.941E-01
1.720E-01 4.875E-01
1.730E-01 4.810E-01
1.740E-01 4.747E-01
1.750E-01 4.685E-01
1.760E-01 4.624E-01
1.770E-01 4.565E-01
1.780E-01 4.507E-01
1.790E-01 4.450E-01
1.800E-01 4.394E-01
1.810E-01 4.339E-01
1.820E-01 4.286E-01
1.830E-01 4.234E-01
1.840E-01 4.182E-01
1.850E-01 4.132E-01
1.860E-01 4.083E-01
1.870E-01 4.035E-01
1.880E-01 3.988E-01
1.890E-01 3.941E-01
1.900E-01 3.896E-01
1.910E-01 3.851E-01
1.920E-01 3.808E-01
1.930E-01 3.765E-01
1.940E-01 3.723E-01
1.950E-01 3.682E-01
1.960E-01 3.642E-01
1.970E-01 3.602E-01
1.980E-01 3.563E-01
1.990E-01 3.525E-01
2.000E-01 3.488E-01
2.010E-01 3.451E-01
2.020E-01 3.415E-01
2.030E-01 3.380E-01
2.040E-01 3.345E-01
2.050E-01 3.311E-01
2.060E-01 3.278E-01
2.070E-01 3.245E-01
2.080E-01 3.213E-01
2.090E-01 3.181E-01
2.100E-01 3.150E-01
2.110E-01 3.120E-01
2.120E-01 3.090E-01
2.130E-01 3.060E-01
2.140E-01 3.031E-01
2.150E-01 3.003E-01
2.160E-01 2.975E-01
2.170E-01 2.947E-01
2.180E-01 2.920E-01
2.190E-01 2.894E-01
2.200E-01 2.868E-01
2.210E-01 2.842E-01
2.220E-01 2.817E-01
2.230E-01 2.792E-01
2.240E-01 2.768E-01
2.250E-01 2.744E-01