1.000E-03 1.057E+04
2.000E-03 2.149E+03
3.000E-03 7.449E+02
4.000E-03 3.439E+02
5.000E-03 1.870E+02
6.000E-03 1.131E+02
7.000E-03 7.356E+01
8.000E-03 5.068E+01
9.000E-03 2.752E+02
1.000E-02 2.145E+02
1.100E-02 1.690E+02
1.200E-02 1.345E+02
1.300E-02 1.084E+02
1.400E-02 8.847E+01
1.500E-02 7.317E+01
1.600E-02 6.130E+01
1.700E-02 5.191E+01
1.800E-02 4.438E+01
1.900E-02 3.825E+01
2.000E-02 3.319E+01
2.100E-02 2.898E+01
2.200E-02 2.545E+01
2.300E-02 2.247E+01
2.400E-02 1.993E+01
2.500E-02 1.776E+01
2.600E-02 1.589E+01
2.700E-02 1.428E+01
2.800E-02 1.287E+01
2.900E-02 1.165E+01
3.000E-02 1.058E+01
3.100E-02 9.631E+00
3.200E-02 8.797E+00
3.300E-02 8.056E+00
3.400E-02 7.398E+00
3.500E-02 6.810E+00
3.600E-02 6.283E+00
3.700E-02 5.809E+00
3.800E-02 5.383E+00
3.900E-02 4.998E+00
4.000E-02 4.649E+00
4.100E-02 4.333E+00
4.200E-02 4.045E+00
4.300E-02 3.783E+00
4.400E-02 3.543E+00
4.500E-02 3.323E+00
4.600E-02 3.122E+00
4.700E-02 2.938E+00
4.800E-02 2.768E+00
4.900E-02 2.611E+00
5.000E-02 2.466E+00
5.100E-02 2.332E+00
5.200E-02 2.209E+00
5.300E-02 2.094E+00
5.400E-02 1.987E+00
5.500E-02 1.888E+00
5.600E-02 1.796E+00
5.700E-02 1.710E+00
5.800E-02 1.630E+00
5.900E-02 1.555E+00
6.000E-02 1.485E+00
6.100E-02 1.419E+00
6.200E-02 1.358E+00
6.300E-02 1.300E+00
6.400E-02 1.246E+00
6.500E-02 1.195E+00
6.600E-02 1.147E+00
6.700E-02 1.102E+00
6.800E-02 1.059E+00
6.900E-02 1.019E+00
7.000E-02 9.811E-01
7.100E-02 9.453E-01
7.200E-02 9.115E-01
7.300E-02 8.794E-01
7.400E-02 8.491E-01
7.500E-02 8.203E-01
7.600E-02 7.931E-01
7.700E-02 7.672E-01
7.800E-02 7.426E-01
7.900E-02 7.192E-01
8.000E-02 6.970E-01
8.100E-02 6.759E-01
8.200E-02 6.557E-01
8.300E-02 6.366E-01
8.400E-02 6.183E-01
8.500E-02 6.008E-01
8.600E-02 5.842E-01
8.700E-02 5.683E-01
8.800E-02 5.531E-01
8.900E-02 5.386E-01
9.000E-02 5.247E-01
9.100E-02 5.114E-01
9.200E-02 4.987E-01
9.300E-02 4.865E-01
9.400E-02 4.748E-01
9.500E-02 4.636E-01
9.600E-02 4.529E-01
9.700E-02 4.426E-01
9.800E-02 4.327E-01
9.900E-02 4.232E-01
1.000E-01 4.140E-01
1.010E-01 4.053E-01
1.020E-01 3.968E-01
1.030E-01 3.887E-01
1.040E-01 3.809E-01
1.050E-01 3.733E-01
1.060E-01 3.661E-01
1.070E-01 3.591E-01
1.080E-01 3.524E-01
1.090E-01 3.459E-01
1.100E-01 3.396E-01
1.110E-01 3.335E-01
1.120E-01 3.277E-01
1.130E-01 3.221E-01
1.140E-01 3.166E-01
1.150E-01 3.114E-01
1.160E-01 3.063E-01
1.170E-01 3.014E-01
1.180E-01 2.966E-01
1.190E-01 2.920E-01
1.200E-01 2.875E-01
1.210E-01 2.832E-01
1.220E-01 2.791E-01
1.230E-01 2.750E-01
1.240E-01 2.711E-01
1.250E-01 2.673E-01
1.260E-01 2.636E-01
1.270E-01 2.600E-01
1.280E-01 2.566E-01
1.290E-01 2.532E-01
1.300E-01 2.499E-01
1.310E-01 2.467E-01
1.320E-01 2.437E-01
1.330E-01 2.407E-01
1.340E-01 2.378E-01
1.350E-01 2.349E-01
1.360E-01 2.322E-01
1.370E-01 2.295E-01
1.380E-01 2.269E-01
1.390E-01 2.244E-01
1.400E-01 2.219E-01
1.410E-01 2.195E-01
1.420E-01 2.172E-01
1.430E-01 2.149E-01
1.440E-01 2.127E-01
1.450E-01 2.106E-01
1.460E-01 2.085E-01
1.470E-01 2.064E-01
1.480E-01 2.044E-01
1.490E-01 2.025E-01
1.500E-01 2.006E-01
1.510E-01 1.987E-01
1.520E-01 1.969E-01
1.530E-01 1.952E-01
1.540E-01 1.934E-01
1.550E-01 1.918E-01
1.560E-01 1.901E-01
1.570E-01 1.885E-01
1.580E-01 1.870E-01
1.590E-01 1.854E-01
1.600E-01 1.839E-01
1.610E-01 1.825E-01
1.620E-01 1.810E-01
1.630E-01 1.796E-01
1.640E-01 1.783E-01
1.650E-01 1.769E-01
1.660E-01 1.756E-01
1.670E-01 1.743E-01
1.680E-01 1.731E-01
1.690E-01 1.719E-01
1.700E-01 1.707E-01
1.710E-01 1.695E-01
1.720E-01 1.683E-01
1.730E-01 1.672E-01
1.740E-01 1.661E-01
1.750E-01 1.650E-01
1.760E-01 1.640E-01
1.770E-01 1.629E-01
1.780E-01 1.619E-01
1.790E-01 1.609E-01
1.800E-01 1.599E-01
1.810E-01 1.590E-01
1.820E-01 1.580E-01
1.830E-01 1.571E-01
1.840E-01 1.562E-01
1.850E-01 1.553E-01
1.860E-01 1.544E-01
1.870E-01 1.535E-01
1.880E-01 1.527E-01
1.890E-01 1.519E-01
1.900E-01 1.511E-01
1.910E-01 1.503E-01
1.920E-01 1.495E-01
1.930E-01 1.487E-01
1.940E-01 1.480E-01
1.950E-01 1.472E-01
1.960E-01 1.465E-01
1.970E-01 1.458E-01
1.980E-01 1.450E-01
1.990E-01 1.444E-01
2.000E-01 1.437E-01
2.010E-01 1.430E-01
2.020E-01 1.423E-01
2.030E-01 1.417E-01
2.040E-01 1.410E-01
2.050E-01 1.404E-01
2.060E-01 1.398E-01
2.070E-01 1.392E-01
2.080E-01 1.386E-01
2.090E-01 1.380E-01
2.100E-01 1.374E-01
2.110E-01 1.368E-01
2.120E-01 1.363E-01
2.130E-01 1.357E-01
2.140E-01 1.352E-01
2.150E-01 1.346E-01
2.160E-01 1.341E-01
2.170E-01 1.336E-01
2.180E-01 1.330E-01
2.190E-01 1.325E-01
2.200E-01 1.320E-01
2.210E-01 1.315E-01
2.220E-01 1.311E-01
2.230E-01 1.306E-01
2.240E-01 1.301E-01
2.250E-01 1.296E-01