1.000E-03 2.562E+03
2.000E-03 2.547E+03
3.000E-03 9.431E+02
4.000E-03 4.537E+02
5.000E-03 2.543E+02
6.000E-03 1.575E+02
7.000E-03 1.045E+02
8.000E-03 2.239E+02
9.000E-03 1.898E+02
1.000E-02 1.453E+02
1.100E-02 1.498E+02
1.200E-02 1.192E+02
1.300E-02 9.658E+01
1.400E-02 7.944E+01
1.500E-02 6.619E+01
1.600E-02 5.564E+01
1.700E-02 4.724E+01
1.800E-02 4.048E+01
1.900E-02 3.497E+01
2.000E-02 3.043E+01
2.100E-02 2.662E+01
2.200E-02 2.343E+01
2.300E-02 2.073E+01
2.400E-02 1.845E+01
2.500E-02 1.649E+01
2.600E-02 1.481E+01
2.700E-02 1.335E+01
2.800E-02 1.208E+01
2.900E-02 1.097E+01
3.000E-02 9.997E+00
3.100E-02 9.129E+00
3.200E-02 8.361E+00
3.300E-02 7.678E+00
3.400E-02 7.070E+00
3.500E-02 6.526E+00
3.600E-02 6.038E+00
3.700E-02 5.598E+00
3.800E-02 5.202E+00
3.900E-02 4.844E+00
4.000E-02 4.518E+00
4.100E-02 4.221E+00
4.200E-02 3.950E+00
4.300E-02 3.703E+00
4.400E-02 3.476E+00
4.500E-02 3.269E+00
4.600E-02 3.078E+00
4.700E-02 2.903E+00
4.800E-02 2.742E+00
4.900E-02 2.592E+00
5.000E-02 2.454E+00
5.100E-02 9.581E+00
5.200E-02 9.105E+00
5.300E-02 8.660E+00
5.400E-02 8.246E+00
5.500E-02 7.858E+00
5.600E-02 7.495E+00
5.700E-02 7.156E+00
5.800E-02 6.837E+00
5.900E-02 6.538E+00
6.000E-02 6.257E+00
6.100E-02 5.992E+00
6.200E-02 5.743E+00
6.300E-02 5.508E+00
6.400E-02 5.287E+00
6.500E-02 5.077E+00
6.600E-02 4.879E+00
6.700E-02 4.692E+00
6.800E-02 4.514E+00
6.900E-02 4.346E+00
7.000E-02 4.186E+00
7.100E-02 4.034E+00
7.200E-02 3.890E+00
7.300E-02 3.753E+00
7.400E-02 3.622E+00
7.500E-02 3.498E+00
7.600E-02 3.379E+00
7.700E-02 3.266E+00
7.800E-02 3.158E+00
7.900E-02 3.055E+00
8.000E-02 2.957E+00
8.100E-02 2.862E+00
8.200E-02 2.772E+00
8.300E-02 2.686E+00
8.400E-02 2.604E+00
8.500E-02 2.525E+00
8.600E-02 2.449E+00
8.700E-02 2.376E+00
8.800E-02 2.307E+00
8.900E-02 2.240E+00
9.000E-02 2.176E+00
9.100E-02 2.114E+00
9.200E-02 2.055E+00
9.300E-02 1.998E+00
9.400E-02 1.944E+00
9.500E-02 1.891E+00
9.600E-02 1.841E+00
9.700E-02 1.792E+00
9.800E-02 1.745E+00
9.900E-02 1.700E+00
1.000E-01 1.657E+00
1.010E-01 1.615E+00
1.020E-01 1.574E+00
1.030E-01 1.535E+00
1.040E-01 1.498E+00
1.050E-01 1.462E+00
1.060E-01 1.427E+00
1.070E-01 1.393E+00
1.080E-01 1.360E+00
1.090E-01 1.329E+00
1.100E-01 1.298E+00
1.110E-01 1.269E+00
1.120E-01 1.240E+00
1.130E-01 1.213E+00
1.140E-01 1.186E+00
1.150E-01 1.160E+00
1.160E-01 1.135E+00
1.170E-01 1.111E+00
1.180E-01 1.088E+00
1.190E-01 1.065E+00
1.200E-01 1.043E+00
1.210E-01 1.022E+00
1.220E-01 1.001E+00
1.230E-01 9.809E-01
1.240E-01 9.615E-01
1.250E-01 9.426E-01
1.260E-01 9.242E-01
1.270E-01 9.064E-01
1.280E-01 8.891E-01
1.290E-01 8.724E-01
1.300E-01 8.561E-01
1.310E-01 8.402E-01
1.320E-01 8.248E-01
1.330E-01 8.098E-01
1.340E-01 7.953E-01
1.350E-01 7.811E-01
1.360E-01 7.673E-01
1.370E-01 7.539E-01
1.380E-01 7.409E-01
1.390E-01 7.282E-01
1.400E-01 7.158E-01
1.410E-01 7.038E-01
1.420E-01 6.921E-01
1.430E-01 6.807E-01
1.440E-01 6.696E-01
1.450E-01 6.587E-01
1.460E-01 6.482E-01
1.470E-01 6.379E-01
1.480E-01 6.279E-01
1.490E-01 6.181E-01
1.500E-01 6.085E-01
1.510E-01 5.992E-01
1.520E-01 5.901E-01
1.530E-01 5.813E-01
1.540E-01 5.726E-01
1.550E-01 5.642E-01
1.560E-01 5.559E-01
1.570E-01 5.479E-01
1.580E-01 5.400E-01
1.590E-01 5.324E-01
1.600E-01 5.249E-01
1.610E-01 5.175E-01
1.620E-01 5.104E-01
1.630E-01 5.034E-01
1.640E-01 4.966E-01
1.650E-01 4.899E-01
1.660E-01 4.833E-01
1.670E-01 4.770E-01
1.680E-01 4.707E-01
1.690E-01 4.646E-01
1.700E-01 4.586E-01
1.710E-01 4.528E-01
1.720E-01 4.470E-01
1.730E-01 4.414E-01
1.740E-01 4.360E-01
1.750E-01 4.306E-01
1.760E-01 4.253E-01
1.770E-01 4.202E-01
1.780E-01 4.152E-01
1.790E-01 4.102E-01
1.800E-01 4.054E-01
1.810E-01 4.007E-01
1.820E-01 3.960E-01
1.830E-01 3.915E-01
1.840E-01 3.870E-01
1.850E-01 3.827E-01
1.860E-01 3.784E-01
1.870E-01 3.742E-01
1.880E-01 3.701E-01
1.890E-01 3.661E-01
1.900E-01 3.621E-01
1.910E-01 3.582E-01
1.920E-01 3.544E-01
1.930E-01 3.507E-01
1.940E-01 3.470E-01
1.950E-01 3.434E-01
1.960E-01 3.399E-01
1.970E-01 3.365E-01
1.980E-01 3.331E-01
1.990E-01 3.297E-01
2.000E-01 3.265E-01
2.010E-01 3.232E-01
2.020E-01 3.201E-01
2.030E-01 3.170E-01
2.040E-01 3.140E-01
2.050E-01 3.110E-01
2.060E-01 3.080E-01
2.070E-01 3.051E-01
2.080E-01 3.023E-01
2.090E-01 2.995E-01
2.100E-01 2.968E-01
2.110E-01 2.941E-01
2.120E-01 2.915E-01
2.130E-01 2.889E-01
2.140E-01 2.863E-01
2.150E-01 2.838E-01
2.160E-01 2.814E-01
2.170E-01 2.789E-01
2.180E-01 2.766E-01
2.190E-01 2.742E-01
2.200E-01 2.719E-01
2.210E-01 2.696E-01
2.220E-01 2.674E-01
2.230E-01 2.652E-01
2.240E-01 2.631E-01
2.250E-01 2.609E-01