1.000E-03 2.792E+03
2.000E-03 4.028E+02
3.000E-03 1.229E+02
4.000E-03 5.194E+01
5.000E-03 2.639E+01
6.000E-03 1.511E+01
7.000E-03 9.418E+00
8.000E-03 6.255E+00
9.000E-03 4.367E+00
1.000E-02 3.176E+00
1.100E-02 2.390E+00
1.200E-02 1.852E+00
1.300E-02 1.473E+00
1.400E-02 1.198E+00
1.500E-02 9.943E-01
1.600E-02 8.407E-01
1.700E-02 7.228E-01
1.800E-02 6.310E-01
1.900E-02 5.584E-01
2.000E-02 5.004E-01
2.100E-02 4.535E-01
2.200E-02 4.152E-01
2.300E-02 3.837E-01
2.400E-02 3.574E-01
2.500E-02 3.355E-01
2.600E-02 3.169E-01
2.700E-02 3.011E-01
2.800E-02 2.877E-01
2.900E-02 2.760E-01
3.000E-02 2.660E-01
3.100E-02 2.573E-01
3.200E-02 2.496E-01
3.300E-02 2.429E-01
3.400E-02 2.369E-01
3.500E-02 2.316E-01
3.600E-02 2.269E-01
3.700E-02 2.227E-01
3.800E-02 2.189E-01
3.900E-02 2.155E-01
4.000E-02 2.123E-01
4.100E-02 2.095E-01
4.200E-02 2.069E-01
4.300E-02 2.045E-01
4.400E-02 2.024E-01
4.500E-02 2.003E-01
4.600E-02 1.985E-01
4.700E-02 1.967E-01
4.800E-02 1.951E-01
4.900E-02 1.936E-01
5.000E-02 1.922E-01
5.100E-02 1.908E-01
5.200E-02 1.896E-01
5.300E-02 1.884E-01
5.400E-02 1.872E-01
5.500E-02 1.862E-01
5.600E-02 1.851E-01
5.700E-02 1.842E-01
5.800E-02 1.832E-01
5.900E-02 1.823E-01
6.000E-02 1.815E-01
6.100E-02 1.806E-01
6.200E-02 1.798E-01
6.300E-02 1.791E-01
6.400E-02 1.783E-01
6.500E-02 1.776E-01
6.600E-02 1.769E-01
6.700E-02 1.762E-01
6.800E-02 1.756E-01
6.900E-02 1.749E-01
7.000E-02 1.743E-01
7.100E-02 1.737E-01
7.200E-02 1.731E-01
7.300E-02 1.725E-01
7.400E-02 1.719E-01
7.500E-02 1.714E-01
7.600E-02 1.708E-01
7.700E-02 1.703E-01
7.800E-02 1.698E-01
7.900E-02 1.692E-01
8.000E-02 1.687E-01
8.100E-02 1.682E-01
8.200E-02 1.677E-01
8.300E-02 1.673E-01
8.400E-02 1.668E-01
8.500E-02 1.663E-01
8.600E-02 1.658E-01
8.700E-02 1.654E-01
8.800E-02 1.649E-01
8.900E-02 1.645E-01
9.000E-02 1.641E-01
9.100E-02 1.636E-01
9.200E-02 1.632E-01
9.300E-02 1.628E-01
9.400E-02 1.623E-01
9.500E-02 1.619E-01
9.600E-02 1.615E-01
9.700E-02 1.611E-01
9.800E-02 1.607E-01
9.900E-02 1.603E-01
1.000E-01 1.599E-01
1.010E-01 1.595E-01
1.020E-01 1.591E-01
1.030E-01 1.588E-01
1.040E-01 1.584E-01
1.050E-01 1.580E-01
1.060E-01 1.576E-01
1.070E-01 1.573E-01
1.080E-01 1.569E-01
1.090E-01 1.565E-01
1.100E-01 1.562E-01
1.110E-01 1.558E-01
1.120E-01 1.555E-01
1.130E-01 1.551E-01
1.140E-01 1.548E-01
1.150E-01 1.544E-01
1.160E-01 1.541E-01
1.170E-01 1.537E-01
1.180E-01 1.534E-01
1.190E-01 1.531E-01
1.200E-01 1.527E-01
1.210E-01 1.524E-01
1.220E-01 1.521E-01
1.230E-01 1.518E-01
1.240E-01 1.514E-01
1.250E-01 1.511E-01
1.260E-01 1.508E-01
1.270E-01 1.505E-01
1.280E-01 1.502E-01
1.290E-01 1.498E-01
1.300E-01 1.495E-01
1.310E-01 1.492E-01
1.320E-01 1.489E-01
1.330E-01 1.486E-01
1.340E-01 1.483E-01
1.350E-01 1.480E-01
1.360E-01 1.477E-01
1.370E-01 1.474E-01
1.380E-01 1.471E-01
1.390E-01 1.468E-01
1.400E-01 1.465E-01
1.410E-01 1.463E-01
1.420E-01 1.460E-01
1.430E-01 1.457E-01
1.440E-01 1.454E-01
1.450E-01 1.451E-01
1.460E-01 1.448E-01
1.470E-01 1.446E-01
1.480E-01 1.443E-01
1.490E-01 1.440E-01
1.500E-01 1.437E-01
1.510E-01 1.435E-01
1.520E-01 1.432E-01
1.530E-01 1.429E-01
1.540E-01 1.427E-01
1.550E-01 1.424E-01
1.560E-01 1.421E-01
1.570E-01 1.419E-01
1.580E-01 1.416E-01
1.590E-01 1.413E-01
1.600E-01 1.411E-01
1.610E-01 1.408E-01
1.620E-01 1.406E-01
1.630E-01 1.403E-01
1.640E-01 1.401E-01
1.650E-01 1.398E-01
1.660E-01 1.396E-01
1.670E-01 1.393E-01
1.680E-01 1.391E-01
1.690E-01 1.388E-01
1.700E-01 1.386E-01
1.710E-01 1.383E-01
1.720E-01 1.381E-01
1.730E-01 1.378E-01
1.740E-01 1.376E-01
1.750E-01 1.374E-01
1.760E-01 1.371E-01
1.770E-01 1.369E-01
1.780E-01 1.367E-01
1.790E-01 1.364E-01
1.800E-01 1.362E-01
1.810E-01 1.360E-01
1.820E-01 1.357E-01
1.830E-01 1.355E-01
1.840E-01 1.353E-01
1.850E-01 1.350E-01
1.860E-01 1.348E-01
1.870E-01 1.346E-01
1.880E-01 1.344E-01
1.890E-01 1.341E-01
1.900E-01 1.339E-01
1.910E-01 1.337E-01
1.920E-01 1.335E-01
1.930E-01 1.333E-01
1.940E-01 1.330E-01
1.950E-01 1.328E-01
1.960E-01 1.326E-01
1.970E-01 1.324E-01
1.980E-01 1.322E-01
1.990E-01 1.320E-01
2.000E-01 1.318E-01
2.010E-01 1.316E-01
2.020E-01 1.313E-01
2.030E-01 1.311E-01
2.040E-01 1.309E-01
2.050E-01 1.307E-01
2.060E-01 1.305E-01
2.070E-01 1.303E-01
2.080E-01 1.301E-01
2.090E-01 1.299E-01
2.100E-01 1.297E-01
2.110E-01 1.295E-01
2.120E-01 1.293E-01
2.130E-01 1.291E-01
2.140E-01 1.289E-01
2.150E-01 1.287E-01
2.160E-01 1.285E-01
2.170E-01 1.283E-01
2.180E-01 1.281E-01
2.190E-01 1.279E-01
2.200E-01 1.278E-01
2.210E-01 1.276E-01
2.220E-01 1.274E-01
2.230E-01 1.272E-01
2.240E-01 1.270E-01
2.250E-01 1.268E-01