1.000E-03 1.893E+03
2.000E-03 2.585E+02
3.000E-03 7.688E+01
4.000E-03 3.201E+01
5.000E-03 1.611E+01
6.000E-03 9.173E+00
7.000E-03 5.703E+00
8.000E-03 3.790E+00
9.000E-03 2.656E+00
1.000E-02 1.945E+00
1.100E-02 1.479E+00
1.200E-02 1.162E+00
1.300E-02 9.390E-01
1.400E-02 7.784E-01
1.500E-02 6.600E-01
1.600E-02 5.710E-01
1.700E-02 5.029E-01
1.800E-02 4.500E-01
1.900E-02 4.083E-01
2.000E-02 3.751E-01
2.100E-02 3.483E-01
2.200E-02 3.265E-01
2.300E-02 3.085E-01
2.400E-02 2.936E-01
2.500E-02 2.811E-01
2.600E-02 2.705E-01
2.700E-02 2.615E-01
2.800E-02 2.538E-01
2.900E-02 2.472E-01
3.000E-02 2.414E-01
3.100E-02 2.364E-01
3.200E-02 2.319E-01
3.300E-02 2.280E-01
3.400E-02 2.245E-01
3.500E-02 2.214E-01
3.600E-02 2.186E-01
3.700E-02 2.161E-01
3.800E-02 2.138E-01
3.900E-02 2.117E-01
4.000E-02 2.097E-01
4.100E-02 2.080E-01
4.200E-02 2.063E-01
4.300E-02 2.048E-01
4.400E-02 2.034E-01
4.500E-02 2.021E-01
4.600E-02 2.008E-01
4.700E-02 1.997E-01
4.800E-02 1.986E-01
4.900E-02 1.975E-01
5.000E-02 1.965E-01
5.100E-02 1.956E-01
5.200E-02 1.947E-01
5.300E-02 1.938E-01
5.400E-02 1.929E-01
5.500E-02 1.921E-01
5.600E-02 1.914E-01
5.700E-02 1.906E-01
5.800E-02 1.899E-01
5.900E-02 1.892E-01
6.000E-02 1.885E-01
6.100E-02 1.878E-01
6.200E-02 1.871E-01
6.300E-02 1.865E-01
6.400E-02 1.859E-01
6.500E-02 1.853E-01
6.600E-02 1.847E-01
6.700E-02 1.841E-01
6.800E-02 1.835E-01
6.900E-02 1.830E-01
7.000E-02 1.824E-01
7.100E-02 1.819E-01
7.200E-02 1.813E-01
7.300E-02 1.808E-01
7.400E-02 1.803E-01
7.500E-02 1.798E-01
7.600E-02 1.793E-01
7.700E-02 1.788E-01
7.800E-02 1.783E-01
7.900E-02 1.778E-01
8.000E-02 1.773E-01
8.100E-02 1.769E-01
8.200E-02 1.764E-01
8.300E-02 1.759E-01
8.400E-02 1.755E-01
8.500E-02 1.750E-01
8.600E-02 1.746E-01
8.700E-02 1.741E-01
8.800E-02 1.737E-01
8.900E-02 1.732E-01
9.000E-02 1.728E-01
9.100E-02 1.724E-01
9.200E-02 1.720E-01
9.300E-02 1.715E-01
9.400E-02 1.711E-01
9.500E-02 1.707E-01
9.600E-02 1.703E-01
9.700E-02 1.699E-01
9.800E-02 1.695E-01
9.900E-02 1.691E-01
1.000E-01 1.687E-01
1.010E-01 1.683E-01
1.020E-01 1.679E-01
1.030E-01 1.675E-01
1.040E-01 1.671E-01
1.050E-01 1.668E-01
1.060E-01 1.664E-01
1.070E-01 1.660E-01
1.080E-01 1.656E-01
1.090E-01 1.653E-01
1.100E-01 1.649E-01
1.110E-01 1.645E-01
1.120E-01 1.642E-01
1.130E-01 1.638E-01
1.140E-01 1.634E-01
1.150E-01 1.631E-01
1.160E-01 1.627E-01
1.170E-01 1.624E-01
1.180E-01 1.620E-01
1.190E-01 1.617E-01
1.200E-01 1.613E-01
1.210E-01 1.610E-01
1.220E-01 1.607E-01
1.230E-01 1.603E-01
1.240E-01 1.600E-01
1.250E-01 1.597E-01
1.260E-01 1.593E-01
1.270E-01 1.590E-01
1.280E-01 1.587E-01
1.290E-01 1.583E-01
1.300E-01 1.580E-01
1.310E-01 1.577E-01
1.320E-01 1.574E-01
1.330E-01 1.571E-01
1.340E-01 1.568E-01
1.350E-01 1.564E-01
1.360E-01 1.561E-01
1.370E-01 1.558E-01
1.380E-01 1.555E-01
1.390E-01 1.552E-01
1.400E-01 1.549E-01
1.410E-01 1.546E-01
1.420E-01 1.543E-01
1.430E-01 1.540E-01
1.440E-01 1.537E-01
1.450E-01 1.534E-01
1.460E-01 1.531E-01
1.470E-01 1.528E-01
1.480E-01 1.525E-01
1.490E-01 1.522E-01
1.500E-01 1.520E-01
1.510E-01 1.517E-01
1.520E-01 1.514E-01
1.530E-01 1.511E-01
1.540E-01 1.508E-01
1.550E-01 1.505E-01
1.560E-01 1.503E-01
1.570E-01 1.500E-01
1.580E-01 1.497E-01
1.590E-01 1.494E-01
1.600E-01 1.492E-01
1.610E-01 1.489E-01
1.620E-01 1.486E-01
1.630E-01 1.484E-01
1.640E-01 1.481E-01
1.650E-01 1.478E-01
1.660E-01 1.476E-01
1.670E-01 1.473E-01
1.680E-01 1.470E-01
1.690E-01 1.468E-01
1.700E-01 1.465E-01
1.710E-01 1.463E-01
1.720E-01 1.460E-01
1.730E-01 1.458E-01
1.740E-01 1.455E-01
1.750E-01 1.453E-01
1.760E-01 1.450E-01
1.770E-01 1.448E-01
1.780E-01 1.445E-01
1.790E-01 1.443E-01
1.800E-01 1.440E-01
1.810E-01 1.438E-01
1.820E-01 1.435E-01
1.830E-01 1.433E-01
1.840E-01 1.430E-01
1.850E-01 1.428E-01
1.860E-01 1.426E-01
1.870E-01 1.423E-01
1.880E-01 1.421E-01
1.890E-01 1.419E-01
1.900E-01 1.416E-01
1.910E-01 1.414E-01
1.920E-01 1.412E-01
1.930E-01 1.409E-01
1.940E-01 1.407E-01
1.950E-01 1.405E-01
1.960E-01 1.403E-01
1.970E-01 1.400E-01
1.980E-01 1.398E-01
1.990E-01 1.396E-01
2.000E-01 1.394E-01
2.010E-01 1.391E-01
2.020E-01 1.389E-01
2.030E-01 1.387E-01
2.040E-01 1.385E-01
2.050E-01 1.383E-01
2.060E-01 1.380E-01
2.070E-01 1.378E-01
2.080E-01 1.376E-01
2.090E-01 1.374E-01
2.100E-01 1.372E-01
2.110E-01 1.370E-01
2.120E-01 1.368E-01
2.130E-01 1.366E-01
2.140E-01 1.363E-01
2.150E-01 1.361E-01
2.160E-01 1.359E-01
2.170E-01 1.357E-01
2.180E-01 1.355E-01
2.190E-01 1.353E-01
2.200E-01 1.351E-01
2.210E-01 1.349E-01
2.220E-01 1.347E-01
2.230E-01 1.345E-01
2.240E-01 1.343E-01
2.250E-01 1.341E-01