1.000E-03 4.823E+03
2.000E-03 7.589E+02
3.000E-03 2.401E+02
4.000E-03 1.037E+02
5.000E-03 5.343E+01
6.000E-03 3.090E+01
7.000E-03 1.937E+01
8.000E-03 1.290E+01
9.000E-03 9.009E+00
1.000E-02 6.534E+00
1.100E-02 4.889E+00
1.200E-02 3.757E+00
1.300E-02 2.953E+00
1.400E-02 2.368E+00
1.500E-02 1.932E+00
1.600E-02 1.602E+00
1.700E-02 1.348E+00
1.800E-02 1.149E+00
1.900E-02 9.909E-01
2.000E-02 8.643E-01
2.100E-02 7.616E-01
2.200E-02 6.775E-01
2.300E-02 6.080E-01
2.400E-02 5.502E-01
2.500E-02 5.017E-01
2.600E-02 4.607E-01
2.700E-02 4.258E-01
2.800E-02 3.960E-01
2.900E-02 3.703E-01
3.000E-02 3.481E-01
3.100E-02 3.289E-01
3.200E-02 3.120E-01
3.300E-02 2.973E-01
3.400E-02 2.842E-01
3.500E-02 2.727E-01
3.600E-02 2.625E-01
3.700E-02 2.534E-01
3.800E-02 2.453E-01
3.900E-02 2.380E-01
4.000E-02 2.314E-01
4.100E-02 2.255E-01
4.200E-02 2.201E-01
4.300E-02 2.152E-01
4.400E-02 2.107E-01
4.500E-02 2.067E-01
4.600E-02 2.029E-01
4.700E-02 1.995E-01
4.800E-02 1.963E-01
4.900E-02 1.934E-01
5.000E-02 1.907E-01
5.100E-02 1.882E-01
5.200E-02 1.859E-01
5.300E-02 1.837E-01
5.400E-02 1.816E-01
5.500E-02 1.797E-01
5.600E-02 1.780E-01
5.700E-02 1.763E-01
5.800E-02 1.747E-01
5.900E-02 1.732E-01
6.000E-02 1.718E-01
6.100E-02 1.705E-01
6.200E-02 1.692E-01
6.300E-02 1.680E-01
6.400E-02 1.669E-01
6.500E-02 1.658E-01
6.600E-02 1.647E-01
6.700E-02 1.637E-01
6.800E-02 1.628E-01
6.900E-02 1.619E-01
7.000E-02 1.610E-01
7.100E-02 1.602E-01
7.200E-02 1.593E-01
7.300E-02 1.586E-01
7.400E-02 1.578E-01
7.500E-02 1.571E-01
7.600E-02 1.564E-01
7.700E-02 1.557E-01
7.800E-02 1.550E-01
7.900E-02 1.544E-01
8.000E-02 1.537E-01
8.100E-02 1.531E-01
8.200E-02 1.525E-01
8.300E-02 1.520E-01
8.400E-02 1.514E-01
8.500E-02 1.508E-01
8.600E-02 1.503E-01
8.700E-02 1.498E-01
8.800E-02 1.493E-01
8.900E-02 1.488E-01
9.000E-02 1.483E-01
9.100E-02 1.478E-01
9.200E-02 1.473E-01
9.300E-02 1.469E-01
9.400E-02 1.464E-01
9.500E-02 1.459E-01
9.600E-02 1.455E-01
9.700E-02 1.451E-01
9.800E-02 1.446E-01
9.900E-02 1.442E-01
1.000E-01 1.438E-01
1.010E-01 1.434E-01
1.020E-01 1.430E-01
1.030E-01 1.426E-01
1.040E-01 1.422E-01
1.050E-01 1.418E-01
1.060E-01 1.415E-01
1.070E-01 1.411E-01
1.080E-01 1.407E-01
1.090E-01 1.404E-01
1.100E-01 1.400E-01
1.110E-01 1.396E-01
1.120E-01 1.393E-01
1.130E-01 1.389E-01
1.140E-01 1.386E-01
1.150E-01 1.383E-01
1.160E-01 1.379E-01
1.170E-01 1.376E-01
1.180E-01 1.373E-01
1.190E-01 1.369E-01
1.200E-01 1.366E-01
1.210E-01 1.363E-01
1.220E-01 1.360E-01
1.230E-01 1.357E-01
1.240E-01 1.353E-01
1.250E-01 1.350E-01
1.260E-01 1.347E-01
1.270E-01 1.344E-01
1.280E-01 1.341E-01
1.290E-01 1.338E-01
1.300E-01 1.335E-01
1.310E-01 1.333E-01
1.320E-01 1.330E-01
1.330E-01 1.327E-01
1.340E-01 1.324E-01
1.350E-01 1.321E-01
1.360E-01 1.318E-01
1.370E-01 1.316E-01
1.380E-01 1.313E-01
1.390E-01 1.310E-01
1.400E-01 1.307E-01
1.410E-01 1.305E-01
1.420E-01 1.302E-01
1.430E-01 1.299E-01
1.440E-01 1.297E-01
1.450E-01 1.294E-01
1.460E-01 1.291E-01
1.470E-01 1.289E-01
1.480E-01 1.286E-01
1.490E-01 1.284E-01
1.500E-01 1.281E-01
1.510E-01 1.279E-01
1.520E-01 1.276E-01
1.530E-01 1.274E-01
1.540E-01 1.271E-01
1.550E-01 1.269E-01
1.560E-01 1.266E-01
1.570E-01 1.264E-01
1.580E-01 1.262E-01
1.590E-01 1.259E-01
1.600E-01 1.257E-01
1.610E-01 1.255E-01
1.620E-01 1.252E-01
1.630E-01 1.250E-01
1.640E-01 1.248E-01
1.650E-01 1.245E-01
1.660E-01 1.243E-01
1.670E-01 1.241E-01
1.680E-01 1.238E-01
1.690E-01 1.236E-01
1.700E-01 1.234E-01
1.710E-01 1.232E-01
1.720E-01 1.230E-01
1.730E-01 1.227E-01
1.740E-01 1.225E-01
1.750E-01 1.223E-01
1.760E-01 1.221E-01
1.770E-01 1.219E-01
1.780E-01 1.217E-01
1.790E-01 1.215E-01
1.800E-01 1.212E-01
1.810E-01 1.210E-01
1.820E-01 1.208E-01
1.830E-01 1.206E-01
1.840E-01 1.204E-01
1.850E-01 1.202E-01
1.860E-01 1.200E-01
1.870E-01 1.198E-01
1.880E-01 1.196E-01
1.890E-01 1.194E-01
1.900E-01 1.192E-01
1.910E-01 1.190E-01
1.920E-01 1.188E-01
1.930E-01 1.186E-01
1.940E-01 1.184E-01
1.950E-01 1.182E-01
1.960E-01 1.180E-01
1.970E-01 1.178E-01
1.980E-01 1.176E-01
1.990E-01 1.175E-01
2.000E-01 1.173E-01
2.010E-01 1.171E-01
2.020E-01 1.169E-01
2.030E-01 1.167E-01
2.040E-01 1.165E-01
2.050E-01 1.163E-01
2.060E-01 1.161E-01
2.070E-01 1.160E-01
2.080E-01 1.158E-01
2.090E-01 1.156E-01
2.100E-01 1.154E-01
2.110E-01 1.152E-01
2.120E-01 1.151E-01
2.130E-01 1.149E-01
2.140E-01 1.147E-01
2.150E-01 1.145E-01
2.160E-01 1.144E-01
2.170E-01 1.142E-01
2.180E-01 1.140E-01
2.190E-01 1.138E-01
2.200E-01 1.137E-01
2.210E-01 1.135E-01
2.220E-01 1.133E-01
2.230E-01 1.132E-01
2.240E-01 1.130E-01
2.250E-01 1.128E-01